00000000000000000000000000000000000000000000000000000000000000000000000000000000000000000000000000000000000000000000000000000000
00000000000000000000000000000000000000000000000000000000000000000000000000000000000000000000000000000000000000000000000000000000
00000000000000000000000000000000000000000000000000000000000000000000000000000000000000000000000000000000000000000000000000000000
01000000000000101111111111111111111111111111111111111111111111111111111111111111111111111111111111111111111111111111111111111110
01111111111111110000000000000000000000000000000000000000000000000000000000000000000000000000000000000000000000000000000000000000
01111111111111110000000000000000000000000000000000000000000000000000000000000000000000000000000000000000000000000000000000000000
11111111111111110000000000000000000000000000000000000000000000000000000000000000000000000000000000000000000000000000000000000000
00000000000000000000000000000000000000000000000000000000000000000000000000000000000000000000000000000000000000000000000000000000
00000000000000000000000000000000000000000000000000000000000000000000000000000000000000000000000000000000000000000000000000000000
00000000000000000000000000000000000000000000000000000000000000000000000000000000000000000000000000000000000000000000000000000000
11111111111111110000000000000000000000000000000000000000000000000000000000000000000000000000000000000000000000000000000000000000
11111111111111110000000000000000000000000000000000000000000000000000000000000000000000000000000000000000000000000000000000000000
11111111111111110000000000000000000000000000000000000000000000000000000000000000000000000000000000000000000000000000000000000000
11111111111111110000000000000000000000000000000000000000000000000000000000000000000000000000000000000000000000000000000000000000
11111111111111110000000000000000000000000000000000000000000000000000000000000000000000000000000000000000000000000000000000000000
11111111111111110000000000000000000000000000000000000000000000000000000000000000000000000000000000000000000000000000000000000000
01111111111111110000000000000000000000000000000000000000000000000000000000000000000000000000000000000000000000000000000000000000
11111111111111110000000000000000000000000000000000000000000000000000000000000000000000000000000000000000000000000000000000000000
01111111111111110000000000000000000000000000000000000000000000000000000000000000000000000000000011111111111111111111111111111111
10111111111111100000000000000000000000000000000000000000000000000000000000000000000000000000000000000000000000000000000000000000
10111111111111100000000000000000000000000000000000000000000000000000000000000000000000000000000000000000000000000000000000000000
00111111111111110000000000000000000000000000000000000000000000000000000000000000000000000000000000000000000000000000000000000000
00111111111111110000000000000000000000000000000000000000000000000000000000000000000000000000000000000000000000000000000000000000
00111111111111110000000000000000000000000000000000000000000000000000000000000000000000000000000000000000000000000000000000000000
01000000000000010000000000000000000000000000000000000000000000000000000000000000000000000000000000000000000000000000000000000001
11000000000000010000000000000000000000000000000000000000000000000000000000000000000000000000000000000000000000000000000000000001
00111111111111110000000000000000000000000000000000000000000000000000000000000000000000000000000000000000000000000000000000000000
10111111111111110000000000000000000000000000000000000000000000000000000000000000000000000000000000000000000000000000000000000000
10111111111111111111111111111111111111111111111111111111111111111111111111111111111111111111111111111111111111111111111111111100
01111111111111110000000000000000000000000000000000000000000000000000000000000000000000000000000011111111111111111111111111111111
11111111111111110000000000000000000000000000000000000000000000000000000000000000000000000000000000000000000000000000000000000000
00000000000000000000000000000000000000000000000000000000000000000000000000000000000000000000000000000000000000000000000000000000
10111111111111110000000100000000000000000000000000000000000000000000000000000000000000000000010000000000000000000000000000000000
01111111111111110000000000000000000000000000000000000000000000000000000000000000000000000000000011111111111111111111111111111111
01111111111111110000000000000000000000000000000000000000000000000000000000000000000000000000000011111111111111111111111111111111
01111111111111110000000000000000000000000000000000000000000000000000000000000000000000000000000011111111111111111111111111111111
11111111111111110000000000000000000000000000000000000000000000000000000000000000000000000000000000000000000000000000000000000000
01111111111111110000000000000000000000000000000000000000000000000000000000000000000000000000000011111111111111111111111111111111
