2 10000000000000000000000000000000000000000000000000000000000000000000000000000000000000000000000000000000000000000000000000100010 * 00000000000000000000000000000000000000000000000000000000000000000000000000000000000000000000000000000000000000000000000000100010
2 10000000000000000000000000000000000000000000000000000000000000000000000000000000000000000000000000000000000000000000000000100010 * 00000000000000000000000000000000000000000000000000000000000000000000000000000000000000000000000000000000000000000000000000000010
2 00000000000000001111111111111111111111111111111111111111111111111111111111111111111111111111111111111111111111111111111111111111 * 00000000000000001111111111111111111111111111111111111111111111111111111111111111111111111111111111111111111111111111111111111111
2 01000000000000001111111111111111111111111111111111111111111111111111111111111111111111111111111111111111111111111111111111111111 * 01000000000000001111111111111111111111111111111111111111111111111111111111111111111111111111111111111111111111111111111111111111
2 01111111111111101111111111111111111111111111111111111111111111111111111111111111111111111111111111111111111111111111111111111111 * 01111111111111101111111111111111111111111111111111111111111111111111111111111111111111111111111111111111111111111111111111111111
2 01111111111111101111111111111111111111111111111111111111111111111111111111111111111111111111111111111111111111111111111111111111 * 01111111111111001111111111111111111111111111111111111111111111111111111111111111111111111111111111111111111111111111111111111110
2 01111111111111101111111111111111111111111111111111111111111111111111111111111111111111111111111111111111111111111111111111111111 * 11111111111111001111111111111111111111111111111111111111111111111111111111111111111111111111111111111111111111111111111111111110
2 00000000000000000000000000000000000000000000000000000000000000000000000000000000000000000000000000000000000000000000000000000001 * 00000000000000001111111111111111111111111111111111111111111111111111111111111111111111111111111111111111111111111111111111111111
2 00000000000000000000000000000000000000000000000000000000000000000000000000000000000000000000000000000000000000000000000000000001 * 10000000000000001111111111111111111111111111111111111111111111111111111111111111111111111111111111111111111111111111111111111111
2 00000000000000001111111111111111111111111111111111111111111111111111111111111111111111111111111111111111111111111111111111111111 * 10000000000000000000000000000000000000000000000000000000000000000000000000000000000000000000000000000000000000000000000000000001
2 11111111111111110000000000000000000000000000000000000000000000000000000000000000000000000000000000000000000000000000000000000000 * 01111111111111110000000000000000000000000000000000000000000000000000000000000000000000000000000000000000000000000000000000000000
2 11111111111111110000000000000000000000000000000000000000000000000000000000000000000000000000000000000000000000000000000000000000 * 01111111111111100000000100000000000000000000000000000000000000000000000000000000000000000000010000000000000000000000000000000000
2 01111111111111100000000100000000000000000000000000000000000000000000000000000000000000000000010000000000000000000000000000000000 * 11111111111111110000000000000000000000000000000000000000000000000000000000000000000000000000000000000000000000000000000000000000
2 01111111111111100000000100000000000000000000000000000000000000000000000000000000000000000000010000000000000000000000000000000000 * 01111111111111110000000000000000000000000000000000000000000000000000000000000000000000000000000000000000000000000000000000000000 
2 11111111111111110000000000000000000000000000000000000000000000000000000000000000000000000000000000000000000000000000000000000000 * 01111111111111110000000000000000000000000000000000000000000000000000000000000000000000000000000000000000000000000000000000000000
2 11111111111111110000000000000000000000000000000000000000000000000000000000000000000000000000000000000000000000000000000000000000 * 01111111111111110000000000000000000000000000000000000000000000000000000000000000000000000000000000000000000000000000000000000000
2 11111111111111110000000000000000000000000000000000000000000000000000000000000000000000000000000000000000000000000000000000000000 * 11111111111111110000000000000000000000000000000000000000000000000000000000000000000000000000000000000000000000000000000000000000
2 11111111111111110000000000000000000000000000000000000000000000000000000000000000000000000000000000000000000000000000000000000000 * 01111111111111100000000100000000000000000000000000000000000000000000000000000000000000000000010000000000000000000000000000000000
2 01111111111111110000000100000000000000000000000000000000000000000000000000000000000000000000010000000000000000000000000000000000 * 11111111111111110000000000000000000000000000000000000000000000000000000000000000000000000000000000000000000000000000000000000000
2 10000000000000000000000000000000000000000000000000000000000000000000000000000000000000000000000000000000000000000000000000100010 / 00000000000000000000000000000000000000000000000000000000000000000000000000000000000000000000000000000000000000000000000000100010
2 10000000000000000000000000000000000000000000000000000000000000000000000000000000000000000000000000000000000000000000000000100010 / 00000000000000000000000000000000000000000000000000000000000000000000000000000000000000000000000000000000000000000000000000000010
2 00000000000000001111111111111111111111111111111111111111111111111111111111111111111111111111111111111111111111111111111111111111 / 00000000000000001111111111111111111111111111111111111111111111111111111111111111111111111111111111111111111111111111111111111111
2 01000000000000001111111111111111111111111111111111111111111111111111111111111111111111111111111111111111111111111111111111111111 / 01000000000000001111111111111111111111111111111111111111111111111111111111111111111111111111111111111111111111111111111111111111
2 01111111111111101111111111111111111111111111111111111111111111111111111111111111111111111111111111111111111111111111111111111111 / 01111111111111101111111111111111111111111111111111111111111111111111111111111111111111111111111111111111111111111111111111111111
2 01111111111111101111111111111111111111111111111111111111111111111111111111111111111111111111111111111111111111111111111111111111 / 01111111111111001111111111111111111111111111111111111111111111111111111111111111111111111111111111111111111111111111111111111110
2 01111111111111101111111111111111111111111111111111111111111111111111111111111111111111111111111111111111111111111111111111111111 / 11111111111111001111111111111111111111111111111111111111111111111111111111111111111111111111111111111111111111111111111111111110
2 00000000000000000000000000000000000000000000000000000000000000000000000000000000000000000000000000000000000000000000000000000001 / 00000000000000001111111111111111111111111111111111111111111111111111111111111111111111111111111111111111111111111111111111111111
2 00000000000000000000000000000000000000000000000000000000000000000000000000000000000000000000000000000000000000000000000000000001 / 10000000000000001111111111111111111111111111111111111111111111111111111111111111111111111111111111111111111111111111111111111111
2 00000000000000001111111111111111111111111111111111111111111111111111111111111111111111111111111111111111111111111111111111111111 / 10000000000000000000000000000000000000000000000000000000000000000000000000000000000000000000000000000000000000000000000000000001
2 11111111111111110000000000000000000000000000000000000000000000000000000000000000000000000000000000000000000000000000000000000000 / 01111111111111110000000000000000000000000000000000000000000000000000000000000000000000000000000000000000000000000000000000000000
2 11111111111111110000000000000000000000000000000000000000000000000000000000000000000000000000000000000000000000000000000000000000 / 01111111111111100000000100000000000000000000000000000000000000000000000000000000000000000000010000000000000000000000000000000000
2 01111111111111100000000100000000000000000000000000000000000000000000000000000000000000000000010000000000000000000000000000000000 / 11111111111111110000000000000000000000000000000000000000000000000000000000000000000000000000000000000000000000000000000000000000
2 01111111111111100000000100000000000000000000000000000000000000000000000000000000000000000000010000000000000000000000000000000000 / 01111111111111110000000000000000000000000000000000000000000000000000000000000000000000000000000000000000000000000000000000000000 
2 11111111111111110000000000000000000000000000000000000000000000000000000000000000000000000000000000000000000000000000000000000000 / 01111111111111110000000000000000000000000000000000000000000000000000000000000000000000000000000000000000000000000000000000000000
2 11111111111111110000000000000000000000000000000000000000000000000000000000000000000000000000000000000000000000000000000000000000 / 01111111111111110000000000000000000000000000000000000000000000000000000000000000000000000000000000000000000000000000000000000000
2 11111111111111110000000000000000000000000000000000000000000000000000000000000000000000000000000000000000000000000000000000000000 / 11111111111111110000000000000000000000000000000000000000000000000000000000000000000000000000000000000000000000000000000000000000
2 11111111111111110000000000000000000000000000000000000000000000000000000000000000000000000000000000000000000000000000000000000000 / 01111111111111100000000100000000000000000000000000000000000000000000000000000000000000000000010000000000000000000000000000000000
2 01111111111111110000000100000000000000000000000000000000000000000000000000000000000000000000010000000000000000000000000000000000 / 11111111111111110000000000000000000000000000000000000000000000000000000000000000000000000000000000000000000000000000000000000000