00111111101111110000000000000000000000000000000000000000000000000000000000000000000000000000000000000000000000000000000000000000
10111111111110111111100101110010010001110100010100111000111011110011010011010110101000010110000111100100111101110110010111111110
123456789.12344999999999999999999999559526323815512763130974871472744780476205050945281982421875
-123456789.12344999999999999999999999559526323815512763130974871472744780476205050945281982421875
0
-6666666666666666666666666.6666599996387958526611328125
9876543199999999999999999.13580246828496456146240234375
0
0.000006023405636753620415628440786046798466299145992566307829264289848280220661923346271195145451571306693949736654758453369140625
-0.333333333333333333333333333333333317283917130106367891200183811792272345515819598205098373000510036945343017578125
0
0.25
00000000000000000000000000000000000000000000000000000000000000000000000000000000000000000000000000000000000000000000000000000000
01000000000110101101011011110011010001010100011111100110100110101101010000101100001111001001111011101100101111111011000101011011
11000000001101001011000100110001000101001100100001001110000000000001000111000001001101010100011101011111100100000000100001110110
10111111111111110000000000000000000000000000000000000000000000000000000000000000000000000000000000000000000000000000000000000000
0
28.78125
0.20999999999999999999999999999999996918512088980422635110435291864116290339037362855378887616097927093505859375
-28.210526315789473684210526315789476116964140278613709123340559054645033942865239851016667671501636505126953125
01000000000000010101100000000000000000000000000000000000000000000000000000000000000000000000000000000000000000000000000000000000
11000000000000110111011010000000000000000000000000000000000000000000000000000000000000000000000000000000000000000000000000000000
5.375
-23.40625
01000000000000111100110010000000000000000000000000000000000000000000000000000000000000000000000000000000000000000000000000000000
28.78125
01000000000000111100110010000000000000000000000000000000000000000000000000000000000000000000000000000000000000000000000000000000
0.299999999999999999999999999999999990370350278063820734720110287075363407309491758923059023800306022167205810546875
0.299999999999999999999999999999999990370350278063820734720110287075363407309491758923059023800306022167205810546875
0.29999999999999999999999000000000000929767434726102847930917622623817986142469305121949219028465449810028076171875
NaN
01111111111111110000000000000000000000000000000000000000000000000000000000000000000000000000000011111111111111111111111111111111
