0
00000000000000000000000000000000000000000000000000000000000000000000000000000000000000000000000000000000000000000000000000000000
10000000000000000000000000000000000000000000000000000000000000000000000000000000000000000000000000000000000000000000000000100000
00000000000000101111111111111111111111111111111111111111111111111111111111111111111111111111111111111111111111111111111111111110
01000000000000011111111111111111111111111111111111111111111111111111111111111111111111111111111111111111111111111111111111111111
01111111111111110000000000000000000000000000000000000000000000000000000000000000000000000000000000000000000000000000000000000000
01111111111111101000000000000000000000000000000000000000000000000000000000000000000000000000000000000000000000000000000000000000
01111111111111110000000000000000000000000000000000000000000000000000000000000000000000000000000000000000000000000000000000000000
10000000000000001111111111111111111111111111111111111111111111111111111111111111111111111111111111111111111111111111111111111110
00000000000000100000000000000000000000000000000000000000000000000000000000000000000000000000000000000000000000000000000000000000
00000000000000100000000000000000000000000000000000000000000000000000000000000000000000000000000000000000000000000000000000000000
01111111111111110000000000000000000000000000000000000000000000000000000000000000000000000000000011111111111111111111111111111111
11111111111111110000000000000000000000000000000000000000000000000000000000000000000000000000000000000000000000000000000000000000
11111111111111110000000000000000000000000000000000000000000000000000000000000000000000000000000000000000000000000000000000000000
01111111111101100000000000000000000000000000000000000000000000000000000000000000000001000000000000000000000000000000000000000000
11111111111111110000000000000000000000000000000000000000000000000000000000000000000000000000000000000000000000000000000000000000
01111111111111110000000000000000000000000000000000000000000000000000000000000000000000000000000011111111111111111111111111111111
01111111111111110000000000000000000000000000000000000000000000000000000000000000000000000000000011111111111111111111111111111111
11111111111111110000000000000000000000000000000000000000000000000000000000000000000000000000000000000000000000000000000000000000
01111111111111110000000000000000000000000000000000000000000000000000000000000000000000000000000011111111111111111111111111111111
